5 5
-1 -1 -1 0 0
0 1 0 0 -1
1 0 0 0 0 
0 0 1 -1 0
0 0 0 1 0

5 5 
1 0 0 0 0 
0 0 1 0 0
0 1 0 -1 0
0 -1 -1 0 0
0 0 0 1 -1

5 5
0 1 0 0 1
-1 0 1 0 0
0 -1 1 0 0
1 0 -1 -1 0
0 -1 1 1 -1

5 5
1 0 0 0 0 
0 1 0 0 0
0 0 1 0 0 
0 0 0 1 0 
0 0 0 0 1 



5 5
90  0 0 0 0 
0 83 0  0 0
0 0 65 0 0
0 0 0 68 0
0 0 0 0 63


5 5
140 0 0 0 0 
0 74 0 0 0
0 0 75 0 0
0 0 0 59 0
0 0 0 0 52


10 10
2.53 0 0 0 0 0 0 0 0 0
0 3.34 0 0 0 0 0 0 0 0
0 0 2.87 0 0 0 0 0 0 0
0 0 0 3.35 0 0 0 0 0 0
0 0 0 0 2.13 0 0 0 0 0
0 0 0 0 0 1.35 0 0 0 0
0 0 0 0 0 0 1.52 0 0 0
0 0 0 0 0 0 0 1.36 0 0
0 0 0 0 0 0 0 0 1.25 0
0 0 0 0 0 0 0 0 0 1.53

10 1
0 0 0 0 0 3000 0 0 0 0


