3 3
-1 -1 -1
 1  0  0
 0  1  0


3 6
1 -1 0 -1 -1 0
0 1 -1 0 0 0
0 0 0 1 0 -1


6 3
0 0 -1
-1 0 0
1 0 -1
0 -1 0
0 0 -1
0 1 -1

6 6
1 0 0 0 0 0
0 1 0 0 0 0
0 0 1 0 0 0
0 0 0 1 0 0
0 0 0 0 1 0
0 0 0 0 0 1


3 3
7.5  0 0 
0 65 0 
0 0 138

6 6
147 0 0 0 0 0 
0 81 0 0 0 0
0 0 110 0 0 0
0 0 0 68 0 0
0 0 0 0 118 0 
0 0 0 0 0 101

9 9
1.35 0 0 0 0 0 0 0 0
0 2.13 0 0 0 0 0 0 0 
0 0 3.93 0 0 0 0 0 0
0 0 0 1.87 0 0 0 0 0
0 0 0 0 3.19 0 0 0 0
0 0 0 0 0 2.52 0 0 0
0 0 0 0 0 0 1.36 0 0
0 0 0 0 0 0 0 1.25 0
0 0 0 0 0 0 0 0 1.52

9 1
3000 0 0 0 0 0 0 0 0


